0.803000
-4.324000
1.606000
-1.080000
1.606000
-0.369000
1.606000
-0.075000
1.606000
0.125000
1.606000
0.269000
1.606000
0.380000
1.606000
0.470000
1.606000
0.547000
1.606000
0.613930
1.606000
0.673890
1.606000
0.728700
1.606000
0.779560
1.606000
0.827330
1.606000
0.872630
1.606000
0.915910
1.606000
0.957550
1.606000
0.997800
1.606000
1.036890
1.606000
1.074990
1.606000
1.112240
1.606000
1.148770
1.606000
1.184660
1.606000
1.220010
1.606000
1.254870
1.606000
1.289310
1.606000
1.323390
1.606000
1.357140
1.606000
1.390600
1.606000
1.423820
1.606000
1.456820
1.606000
1.489630
1.606000
1.522280
1.606000
1.554790
1.606000
1.587190
1.606000
1.619500
1.606000
1.651740
1.606000
1.683920
1.606000
1.716070
1.606000
1.748200
1.606000
1.780340
1.606000
1.812480
1.606000
1.844670
1.606000
1.876900
1.606000
1.909190
1.606000
1.941570
1.606000
1.974040
1.606000
2.006620
1.606000
2.039330
1.606000
2.072190
1.606000
2.105210
1.606000
2.138410
1.606000
2.171800
1.606000
2.205410
1.606000
2.239260
1.606000
2.273380
1.606000
2.307770
1.606000
2.342470
1.606000
2.377500
1.606000
2.412860
1.606000
2.448560
1.606000
2.484610
1.606000
2.521000
1.606000
2.557800
1.606000
2.595170
1.606000
2.634000
1.606000
2.673000
1.606000
2.714000
1.606000
2.753000
1.606000
2.793000
1.606000
2.679000
1.606000
3.013000
0.803000
7.775000
