4.2500000000
-9.1429000000
8.5000000000
-0.2112500000
8.5000000000
0.9410500000
8.5000000000
1.2032500000
8.5000000000
1.3412500000
8.5000000000
1.4137000000
8.5000000000
1.4516500000
8.5000000000
1.4758000000
8.5000000000
1.4861500000
8.5000000000
1.4930500000
8.5000000000
1.4965000000
8.5000000000
1.4930500000
8.5000000000
1.4861500000
8.5000000000
1.4758000000
8.5000000000
1.4516500000
8.5000000000
1.4137000000
8.5000000000
1.3412500000
8.5000000000
1.2032500000
8.5000000000
0.9410500000
8.5000000000
-0.2112500000
4.2500000000
-9.1429000000
